CS02 2017 07 20 22 31 11.2400 36.9249 " 27.4135" 7.0 6.6 73.2034 55.1326
CS03 2017 07 20 22 31 11.2400 36.9249 " 27.4135" 7.0 6.6 73.1498 55.1780
CS04 2017 07 20 22 31 11.2400 36.9249 " 27.4135" 7.0 6.6 73.0566 55.2701
CS05 2017 07 20 22 31 11.2400 36.9249 " 27.4135" 7.0 6.6 72.9773 55.3321
CS06 2017 07 20 22 31 11.2400 36.9249 " 27.4135" 7.0 6.6 72.9328 55.3794
CS07 2017 07 20 22 31 11.2400 36.9249 " 27.4135" 7.0 6.6 72.8627 55.4416
CS08 2017 07 20 22 31 11.2400 36.9249 " 27.4135" 7.0 6.6 72.7533 55.5314
CS10 2017 07 20 22 31 11.2400 36.9249 " 27.4135" 7.0 6.6 72.6292 55.6468
CS12 2017 07 20 22 31 11.2400 36.9249 " 27.4135" 7.0 6.6 72.4419 55.7965
CS14 2017 07 20 22 31 11.2400 36.9249 " 27.4135" 7.0 6.6 72.2750 55.9422
