CS01 2018 08 07 13 57 09.8300 74.6458 "  8.4549" 10.0 5.7 47.8292 20.7716
CS03 2018 08 07 13 57 09.8300 74.6458 "  8.4549" 10.0 5.7 47.7701 20.7809
CS06 2018 08 07 13 57 09.8300 74.6458 "  8.4549" 10.0 5.7 47.7056 20.7810
CS07 2018 08 07 13 57 09.8300 74.6458 "  8.4549" 10.0 5.7 47.6777 20.7838
CS08 2018 08 07 13 57 09.8300 74.6458 "  8.4549" 10.0 5.7 47.6134 20.7969
CS09 2018 08 07 13 57 09.8300 74.6458 "  8.4549" 10.0 5.7 47.6148 20.7901
CS11 2018 08 07 13 57 09.8300 74.6458 "  8.4549" 10.0 5.7 47.5196 20.8103
CS12 2018 08 07 13 57 09.8300 74.6458 "  8.4549" 10.0 5.7 47.4602 20.8207
CS13 2018 08 07 13 57 09.8300 74.6458 "  8.4549" 10.0 5.7 47.4201 20.8277
CS14 2018 08 07 13 57 09.8300 74.6458 "  8.4549" 10.0 5.7 47.3907 20.8275
CS15 2018 08 07 13 57 09.8300 74.6458 "  8.4549" 10.0 5.7 47.3950 20.8138
