CS01 2017 11 13 02 28 23.6800 " 9.5147" -84.4865 19.36 6.5 33.7034 199.8710
CS03 2017 11 13 02 28 23.6800 " 9.5147" -84.4865 19.36 6.5 33.7607 200.2152
CS05 2017 11 13 02 28 23.6800 " 9.5147" -84.4865 19.36 6.5 33.8281 200.7159
CS06 2017 11 13 02 28 23.6800 " 9.5147" -84.4865 19.36 6.5 33.8241 200.9107
CS07 2017 11 13 02 28 23.6800 " 9.5147" -84.4865 19.36 6.5 33.8523 201.1128
CS08 2017 11 13 02 28 23.6800 " 9.5147" -84.4865 19.36 6.5 33.9175 201.3635
CS09 2017 11 13 02 28 23.6800 " 9.5147" -84.4865 19.36 6.5 33.9170 201.5593
CS11 2017 11 13 02 28 23.6800 " 9.5147" -84.4865 19.36 6.5 34.0143 201.8920
CS12 2017 11 13 02 28 23.6800 " 9.5147" -84.4865 19.36 6.5 34.0760 202.1624
CS13 2017 11 13 02 28 23.6800 " 9.5147" -84.4865 19.36 6.5 34.1180 202.3441
CS14 2017 11 13 02 28 23.6800 " 9.5147" -84.4865 19.36 6.5 34.1508 202.6251
