CS01 2018 04 02 13 40 34.8400 -20.6588 -63.0058 559.0 6.8 63.0064 168.9928
CS03 2018 04 02 13 40 34.8400 -20.6588 -63.0058 559.0 6.8 62.9837 169.2039
CS05 2018 04 02 13 40 34.8400 -20.6588 -63.0058 559.0 6.8 62.9353 169.5049
CS06 2018 04 02 13 40 34.8400 -20.6588 -63.0058 559.0 6.8 62.8882 169.6098
CS07 2018 04 02 13 40 34.8400 -20.6588 -63.0058 559.0 6.8 62.8692 169.7319
CS08 2018 04 02 13 40 34.8400 -20.6588 -63.0058 559.0 6.8 62.8733 169.8959
CS09 2018 04 02 13 40 34.8400 -20.6588 -63.0058 559.0 6.8 62.8288 170.0029
CS11 2018 04 02 13 40 34.8400 -20.6588 -63.0058 559.0 6.8 62.8437 170.2257
CS12 2018 04 02 13 40 34.8400 -20.6588 -63.0058 559.0 6.8 62.8394 170.3999
CS13 2018 04 02 13 40 34.8400 -20.6588 -63.0058 559.0 6.8 62.8368 170.5173
CS14 2018 04 02 13 40 34.8400 -20.6588 -63.0058 559.0 6.8 62.8028 170.6854
CS15 2018 04 02 13 40 34.8400 -20.6588 -63.0058 559.0 6.8 62.7238 170.8758
