CS01 2019 03 28 22 06 49.4000 50.5022 159.9632 8.96 6.2 76.6002 328.3101
CS03 2019 03 28 22 06 49.4000 50.5022 159.9632 8.96 6.2 76.6742 328.4139
CS06 2019 03 28 22 06 49.4000 50.5022 159.9632 8.96 6.2 76.8635 328.6231
CS07 2019 03 28 22 06 49.4000 50.5022 159.9632 8.96 6.2 76.9119 328.6844
CS08 2019 03 28 22 06 49.4000 50.5022 159.9632 8.96 6.2 76.9507 328.7619
CS09 2019 03 28 22 06 49.4000 50.5022 159.9632 8.96 6.2 77.0181 328.8204
CS10 2019 03 28 22 06 49.4000 50.5022 159.9632 8.96 6.2 77.0650 328.8849
CS11 2019 03 28 22 06 49.4000 50.5022 159.9632 8.96 6.2 77.0627 328.9246
CS14 2019 03 28 22 06 49.4000 50.5022 159.9632 8.96 6.2 77.2193 329.1520
CS15 2019 03 28 22 06 49.4000 50.5022 159.9632 8.96 6.2 77.3399 329.2562
