CS01 2019 02 01 16 14 13.900 14.7628 -92.2981 67.93 6.6 31.5769 216.6077
CS06 2019 02 01 16 14 13.900 14.7628 -92.2981 67.93 6.6 31.8159 217.6149
CS07 2019 02 01 16 14 13.900 14.7628 -92.2981 67.93 6.6 31.8668 217.8081
CS08 2019 02 01 16 14 13.900 14.7628 -92.2981 67.93 6.6 31.9575 218.0337
CS09 2019 02 01 16 14 13.900 14.7628 -92.2981 67.93 6.6 31.9813 218.2337
CS10 2019 02 01 16 14 13.900 14.7628 -92.2981 67.93 6.6 32.0397 218.4318
CS11 2019 02 01 16 14 13.900 14.7628 -92.2981 67.93 6.6 32.1117 218.5279
CS13 2019 02 01 16 14 13.900 14.7628 -92.2981 67.93 6.6 32.2627 218.9408
CS14 2019 02 01 16 14 13.900 14.7628 -92.2981 67.93 6.6 32.3275 219.2119
CS15 2019 02 01 16 14 13.900 14.7628 -92.2981 67.93 6.6 32.3713 219.5637
