20152170913 1 0
20152191218 1 0
20152191348 1 0
20152240014 1 0
20152261803 1 0
20152272016 1 0
20152350448 2 1
20152352310 2 2
20152361150 2 0
20152480700 2 0
20152480700 2 0
20152481316 2 0
20152481316 2 0
20152510803 2 0
20152531026 2 2
20152560757 3 0
20152560757 3 0
20152560814 3 0
20152592254 3 3
20152592259 3 0
20152592303 3 0
20152592309 3 0
20152592309 3 0
20152592316 3 0
20152592318 3 0
20152592323 3 0
20152592328 3 0
20152592338 3 0
20152600133 3 0
20152600141 3 0
20152600259 3 0
20152600355 3 3
20152600402 3 0
20152600410 3 3
20152600410 3 3
20152600426 3 0
20152600544 3 0
20152600858 3 0
20152601214 3 0
20152601214 3 0
20152601332 3 0
20152601419 3 0
20152602040 3 0
20152610818 3 1
20152610818 3 0
20152610910 3 3
20152611559 3 3
20152620506 4 3
20152620907 4 3
20152620907 4 3
20152621252 4 2
20152621252 4 3
20152621308 4 0
20152621308 4 0
20152640539 4 3
20152640539 4 3
20152641740 4 4
20152641836 4 0
20152641956 4 0
20152641956 4 0
20152650713 4 3
20152650713 4 3
20152671348 4 0
20152690251 4 4
20152711528 4 0
20152711528 4 0
20152760603 4 0
20152760626 4 0
20152770349 4 0
20152781633 4 0
20152781735 4 0
20152821827 4 1
20152850315 4 0
20152870543 4 1
20152870543 4 1
20152890638 4 0
20152901133 4 1
20152901133 4 3
20152901752 4 0
20152901752 4 0
20153051516 5 1
20153060815 5 0
20153110704 5 0
20153110731 5 5
20153111053 5 0
20153120813 5 0
20153121046 5 0
20153121133 5 0
20153131603 5 5
20153150154 5 4
20153150246 5 0
20153150626 5 1
20153170604 5 0
20153201649 5 1
20153210710 5 1
20153252305 5 0
20153272041 5 1
20153282045 5 1
20153282245 5 5
20153282250 5 5
20153300545 5 5
20153311146 5 0
20153312100 5 4
20153320251 5 0
20153320544 5 0
20153331852 5 3
20153331856 5 0
20153410751 5 1
20153412253 5 5
20153421256 5 1
20153440009 5 0
20153462332 5 0
20153511949 5 5
20153531925 5 1
20153591758 6 0
20153651056 6 3
20160080112 6 1
20160111708 5 0
20160140325 5 1
20160211806 5 2
20160241030 4 0
20160250422 4 1
20160271511 4 0
20160300325 4 3
20160410033 5 0
20160530637 5 1
20160721323 5 0
20160721806 5 1
20160782246 5 0
20160790135 5 3
20160791024 5 0
20160802250 5 0
20160871801 5 0
20160880012 5 0
20160881714 5 0
20160930550 5 4
20161010711 5 0
20161011934 5 0
20161022010 5 0
20161030322 5 1
20161050306 5 2
20161061411 5 1
20161070734 5 0
20161072358 5 5
20161080029 5 1
20161080714 5 1
20161080923 5 0
20161102222 5 2
20161110833 5 4
20161110835 5 0
20161111051 5 1
20161130303 5 4
20161130320 5 0
20161140124 5 0
20161160707 5 0
20161181251 5 0
20161200133 5 5
20161231217 5 0
20161240000 5 0
20161261101 5 0
20161280018 5 0
20161290734 5 5
20161351821 5 0
20161370639 5 0
20161390757 5 5
20161391646 5 5
20161521004 5 2
20161522051 5 3
20161540223 5 2
20161570551 5 0
20161581316 5 1
20161591051 5 4
20161591058 5 0
20161600831 5 1
20161620325 5 4
20161620926 5 0
20161650059 5 0
20161701729 5 1
20161762129 5 0
20161792050 5 3
20161900428 4 0
20161920232 4 0
20161930201 4 4
20161930211 4 4
20162010518 3 2
20162050100 4 2
20162050851 4 1
20162050959 4 1
20162061410 4 1
20162071726 4 2
20162090125 4 0
20162171415 4 1
20162271115 8 1
20162271628 8 1
20162280259 8 0
20162370136 11 11
20162370233 11 0
20162420429 11 9
20162430809 11 0
20162470327 11 9
20162492254 11 1
20162530003 11 0
20162541008 11 11
20162560651 11 0
20162580158 11 6
20162590557 11 0
20162672311 10 6
20162721648 10 0
20162730021 10 0
20162792053 10 0
20162802057 10 0
20162892014 10 0
20162940009 10 0
20162972025 10 0
20162980155 10 0
20163001710 10 0
20163001918 10 7
20163011153 10 1
20163012032 10 0
20163022002 10 3
20163040640 10 8
20163050020 10 0
20163091620 9 7
20163130455 9 1
20163172008 9 0
20163180101 9 0
20163181401 9 0
20163190212 9 0
20163252057 9 8
20163291843 7 7
20163292231 7 0
20163300726 7 0
20163330434 7 0
20163362240 8 0
20163380923 7 0
20163412142 7 1
20163431449 7 7
20163461433 7 0
20163531330 7 3
20163601422 7 7
20163601432 7 0
20163622320 7 0
20163630818 7 0
20163630822 7 0
20163630913 7 0
20170021313 6 6
20170032119 6 0
20170060630 6 0
20170082347 6 0
20170112158 6 0
20170181025 7 1
20170311422 7 0
20170371302 8 0
20170491210 8 1
20170521409 8 8
20170591735 8 0
20170601039 8 0
20170610211 8 0
20170611107 8 0
20170861050 8 3
20170880409 8 8
20170881515 8 0
20170942208 8 0
20171050819 8 8
20171081749 8 8
20171101141 8 0
20171102204 8 0
20171130236 8 3
20171131940 8 0
20171142138 8 7
20171171446 8 0
20171181530 8 3
20171181605 8 2
20171211231 8 8
20171211418 8 8
20171221510 8 0
20171281531 8 0
20171281547 8 1
20171281700 8 0
20171300759 8 0
20171321041 8 7
20171331801 8 0
20171341944 8 0
20171400602 8 7
20171401758 8 0
20171421100 8 3
20171441636 8 6
20171480706 8 0
20171491457 8 3
20171532224 8 7
20171561134 8 6
20171611847 8 0
20171630243 8 3
20171631228 8 7
20171650638 8 0
20171650729 8 7
20171652358 8 7
20171681347 8 2
20171731231 8 8
20171751609 8 0
20171791207 8 0
20171812229 8 8
20171851605 8 5
20171911537 8 1
20171930908 8 1
20171981105 8 7
20171982334 8 3
20171990205 7 0
20172012231 10 9
20172081753 10 10
20172090239 10 1
20172112100 10 2
20172130613 10 4
20172140715 10 1
20172232145 14 6
20172241254 15 12
20172251651 15 0
20172300259 15 1
20172421419 15 0
20172431746 15 0
20172510449 15 15
20172510501 15 0
20172520454 15 0
20172530307 15 0
20172542109 15 1
20172610528 15 1
20172611346 15 6
20172611419 15 5
20172620753 15 0
20172621814 14 13
20172650533 14 0
20172651950 14 0
20172661038 14 2
20172661253 14 1
20172671006 14 0
20172762039 15 10
20172780811 15 0
20172790203 15 0
20172812234 14 13
20172830632 14 14
20172851859 15 0
20172870020 15 0
20173011613 11 0
20173011616 12 1
20173011911 12 7
20173071152 11 6
20173091500 10 0
20173141201 11 0
20173150036 11 0
20173161818 11 11
20173170228 11 11
20173220423 11 0
20173321315 10 1
20173330629 11 0
20173332232 11 0
20173340632 11 7
20173371119 11 11
20173451900 11 0
20173530535 10 1
20173561444 10 0
20173620354 11 1
20180090005 11 0
20180110659 11 1
20180140918 10 10
20180161503 10 4
20180181208 8 0
20180191617 11 1
20180210106 11 5
20180230931 10 10
20180231147 10 0
20180232309 9 0
20180240004 9 0
20180250210 11 8
20180251639 12 0
20180272145 12 0
20180282246 12 0
20180301423 9 0
20180311637 11 0
20180390229 8 0
20180391104 8 0
20180392119 11 0
20180401405 12 2
20180460827 11 0
20180472339 9 9
20180480036 9 0
20180500657 12 2
20180660440 12 1
20180671415 12 1
20180692145 12 0
20180820740 12 0
20180841428 12 1
20180921340 12 12
20180922323 12 8
20180951112 12 0
20181001019 12 0
20181010730 12 0
20181140229 12 5
20181140853 12 0
20181220632 12 0
20181242232 12 3
20181260510 12 0
20181280814 12 1
20181371842 12 2
20181430137 12 3
20181430544 12 2
20181442311 12 0
20181650627 12 0
20181651812 12 0
20181690232 12 9
20181690709 12 0
20181721608 12 8
20181751843 12 5
20181760514 12 0
20181770915 12 1
20181810356 12 6
20181822045 12 5
20181870140 11 11
20181991906 12 1
20182001331 12 10
20182001416 12 6
20182011024 12 1
20182031007 12 0
20182040653 12 0
20182041036 12 0
20182051444 12 0
20182062342 11 0
20182151850 12 0
20182191357 12 11
20182211921 12 1
20182221812 12 6
20182241458 12 12
20182241941 12 0
20182242115 12 11
20182272156 12 12
20182290435 12 1
20182292322 12 12
20182301939 12 5
20182332131 12 12
20182340931 12 10
20182341327 12 10
20182350335 12 4
20182360904 11 11
20182371650 11 7
20182372213 11 9
20182462337 11 0
20182481807 11 0
20182500147 11 0
20182500212 11 10
20182500239 11 0
20182641249 10 0
20182691733 10 0
20182781459 10 0
20182800010 10 0
20182811205 8 0
20182820745 8 2
20182832316 10 8
20182832321 10 0
20182852109 10 0
20182861110 10 2
20182881258 9 0
20182950539 11 1
20182950616 11 0
20182950622 11 0
20182982254 11 6
20182990304 11 0
20183001657 11 0
20183010038 11 0
20183012223 10 0
20183022326 10 0
20183030259 10 0
20183031512 11 0
20183052219 10 7
20183061101 9 7
20183081926 11 1
20183130149 11 4
20183151403 11 7
20183162237 11 0
20183182121 11 0
20183211317 10 0
20183251821 9 0
20183291637 10 0
20183310537 8 0
20183311203 8 0
20183311934 9 0
20183341729 9 9
20183341735 9 0
20183391712 11 0
20183530137 11 0
20183541701 10 10
20183541709 10 0
20183541719 10 0
20183541735 10 0
20183551819 10 0
20183561329 7 0
20183581241 10 0
20183621303 7 0
20183650235 10 0
20190051847 7 1
20190051925 7 7
20190061341 4 0
20190181640 10 9
20190182127 9 2
20190200132 7 7
20190211157 5 0
20190250445 5 0
20190261232 10 5
20190282107 11 0
20190292335 7 0
20190300744 6 0
20190301531 7 0
20190321614 11 10
20190331755 11 0
20190351745 11 0
20190521222 11 0
20190531017 11 11
20190531040 11 1
20190532115 11 0
20190561505 11 0
20190600013 11 0
20190600850 11 11
20190610322 11 5
20190612021 11 0
20190650720 11 0
20190661534 11 1
20190691758 10 0
20190691804 10 0
20190721055 10 0
20190740503 10 7
20190790634 10 6
20190821921 11 0
20190851201 11 0
20190872206 10 8
20190900704 11 10
20190901527 11 0
20190922135 11 1
20190951846 10 0
20190971052 10 0
20190971545 10 0
20191080406 10 0
20191122144 10 0
20191160622 10 1
20191190248 10 1
20191281347 10 1
20191321924 10 0
20191361622 10 9
20191362252 10 0
20191401118 9 0
20191430845 9 0
20191460741 9 9
20191470952 9 0
20191500903 9 8
20191511157 8 0
20191650019 8 8
20191710123 6 0
20191732231 6 0
20191740353 6 4
20191760905 6 1
20191770218 5 5
20191770523 5 4
20191780420 5 0
20191801951 5 1
20191850430 6 4
20191851733 6 5
20191861258 6 0
20191870319 6 6
20191890700 6 0
20191901133 6 0
