CS01 2017 08 12 12 54 13.5900 -30.2422 -72.1616 9.0 5.8 71.8051 178.8120
CS02 2017 08 12 12 54 13.5900 -30.2422 -72.1616 9.0 5.8 71.8018 178.9231
CS03 2017 08 12 12 54 13.5900 -30.2422 -72.1616 9.0 5.8 71.8082 178.9966
CS04 2017 08 12 12 54 13.5900 -30.2422 -72.1616 9.0 5.8 71.7663 179.1689
CS05 2017 08 12 12 54 13.5900 -30.2422 -72.1616 9.0 5.8 71.7963 179.2609
CS06 2017 08 12 12 54 13.5900 -30.2422 -72.1616 9.0 5.8 71.7617 179.3553
CS07 2017 08 12 12 54 13.5900 -30.2422 -72.1616 9.0 5.8 71.7574 179.4623
CS08 2017 08 12 12 54 13.5900 -30.2422 -72.1616 9.0 5.8 71.7814 179.6039
CS10 2017 08 12 12 54 13.5900 -30.2422 -72.1616 9.0 5.8 71.7504 179.8131
CS12 2017 08 12 12 54 13.5900 -30.2422 -72.1616 9.0 5.8 71.8081 180.0422
CS14 2017 08 12 12 54 13.5900 -30.2422 -72.1616 9.0 5.8 71.8056 180.2916
CS15 2017 08 12 12 54 13.5900 -30.2422 -72.1616 9.0 5.8 71.7490 180.4619
