CS01 2018 07 06 01 40 04.6100 51.4994 157.8404 45.0 6.1 76.6175 330.0232
CS03 2018 07 06 01 40 04.6100 51.4994 157.8404 45.0 6.1 76.6875 330.1265
CS05 2018 07 06 01 40 04.6100 51.4994 157.8404 45.0 6.1 76.8024 330.2770
CS06 2018 07 06 01 40 04.6100 51.4994 157.8404 45.0 6.1 76.8699 330.3344
CS07 2018 07 06 01 40 04.6100 51.4994 157.8404 45.0 6.1 76.9161 330.3953
CS08 2018 07 06 01 40 04.6100 51.4994 157.8404 45.0 6.1 76.9515 330.4726
CS09 2018 07 06 01 40 04.6100 51.4994 157.8404 45.0 6.1 77.0174 330.5306
CS11 2018 07 06 01 40 04.6100 51.4994 157.8404 45.0 6.1 77.0573 330.6345
CS12 2018 07 06 01 40 04.6100 51.4994 157.8404 45.0 6.1 77.1032 330.7184
CS14 2018 07 06 01 40 04.6100 51.4994 157.8404 45.0 6.1 77.2053 330.8608
CS15 2018 07 06 01 40 04.6100 51.4994 157.8404 45.0 6.1 77.3231 330.9642
