CS01 2017 10 10 06 32 20.8000 -18.5212 -69.6411 82.43 6.3 60.2363 175.8169
CS02 2017 10 10 06 32 20.8000 -18.5212 -69.6411 82.43 6.3 60.2283 175.9498
CS03 2017 10 10 06 32 20.8000 -18.5212 -69.6411 82.43 6.3 60.2316 176.0382
CS04 2017 10 10 06 32 20.8000 -18.5212 -69.6411 82.43 6.3 60.1824 176.2435
CS05 2017 10 10 06 32 20.8000 -18.5212 -69.6411 82.43 6.3 60.2086 176.3547
CS06 2017 10 10 06 32 20.8000 -18.5212 -69.6411 82.43 6.3 60.1702 176.4668
CS07 2017 10 10 06 32 20.8000 -18.5212 -69.6411 82.43 6.3 60.1615 176.5951
CS08 2017 10 10 06 32 20.8000 -18.5212 -69.6411 82.43 6.3 60.1797 176.7656
CS09 2017 10 10 06 32 20.8000 -18.5212 -69.6411 82.43 6.3 60.1441 176.8797
CS10 2017 10 10 06 32 20.8000 -18.5212 -69.6411 82.43 6.3 60.1403 177.0157
CS11 2017 10 10 06 32 20.8000 -18.5212 -69.6411 82.43 6.3 60.1782 177.1106
CS12 2017 10 10 06 32 20.8000 -18.5212 -69.6411 82.43 6.3 60.1888 177.2921
CS14 2017 10 10 06 32 20.8000 -18.5212 -69.6411 82.43 6.3 60.1766 177.5913
CS15 2017 10 10 06 32 20.8000 -18.5212 -69.6411 82.43 6.3 60.1136 177.7941
