CS01 2018 09 07 02 12 04.3500 -2.3453 -78.8955 93.53 6.2 44.3331 187.7810
CS03 2018 09 07 02 12 04.3500 -2.3453 -78.8955 93.53 6.2 44.3599 188.0681
CS05 2018 09 07 02 12 04.3500 -2.3453 -78.8955 93.53 6.2 44.3824 188.4815
CS06 2018 09 07 02 12 04.3500 -2.3453 -78.8955 93.53 6.2 44.3606 188.6340
CS07 2018 09 07 02 12 04.3500 -2.3453 -78.8955 93.53 6.2 44.3705 188.8012
CS08 2018 09 07 02 12 04.3500 -2.3453 -78.8955 93.53 6.2 44.4131 189.0176
CS12 2018 09 07 02 12 04.3500 -2.3453 -78.8955 93.53 6.2 44.4987 189.6941
CS13 2018 09 07 02 12 04.3500 -2.3453 -78.8955 93.53 6.2 44.5240 189.8498
CS14 2018 09 07 02 12 04.3500 -2.3453 -78.8955 93.53 6.2 44.5306 190.0815
CS15 2018 09 07 02 12 04.3500 -2.3453 -78.8955 93.53 6.2 44.4987 190.3556
