CS01 2017 09 08 04 49 20.000 15.0356 -93.9067 56.67 8.1 32.0765 219.4476
CS02 2017 09 08 04 49 20.000 15.0356 -93.9067 56.67 8.1 32.1331 219.6420
CS03 2017 09 08 04 49 20.000 15.0356 -93.9067 56.67 8.1 32.1772 219.7617
CS04 2017 09 08 04 49 20.000 15.0356 -93.9067 56.67 8.1 32.2373 220.1003
CS05 2017 09 08 04 49 20.000 15.0356 -93.9067 56.67 8.1 32.3094 220.2267
CS06 2017 09 08 04 49 20.000 15.0356 -93.9067 56.67 8.1 32.3338 220.4234
CS07 2017 09 08 04 49 20.000 15.0356 -93.9067 56.67 8.1 32.3880 220.6103
CS08 2017 09 08 04 49 20.000 15.0356 -93.9067 56.67 8.1 32.4824 220.8263
CS09 2017 09 08 04 49 20.000 15.0356 -93.9067 56.67 8.1 32.5101 221.0217
CS10 2017 09 08 04 49 20.000 15.0356 -93.9067 56.67 8.1 32.5719 221.2129
CS11 2017 09 08 04 49 20.000 15.0356 -93.9067 56.67 8.1 32.6450 221.3027
CS12 2017 09 08 04 49 20.000 15.0356 -93.9067 56.67 8.1 32.7391 221.5401
CS13 2017 09 08 04 49 20.000 15.0356 -93.9067 56.67 8.1 32.8027 221.6994
CS14 2017 09 08 04 49 20.000 15.0356 -93.9067 56.67 8.1 32.8725 221.9620
CS15 2017 09 08 04 49 20.000 15.0356 -93.9067 56.67 8.1 32.9231 222.3056
