CS01 2018 01 14 09 18 45.5400 -15.7589 -74.7095 39.0 7.1 57.3976 181.4239
CS03 2018 01 14 09 18 45.5400 -15.7589 -74.7095 39.0 7.1 57.4077 181.6552
CS05 2018 01 14 09 18 45.5400 -15.7589 -74.7095 39.0 7.1 57.4059 181.9870
CS06 2018 01 14 09 18 45.5400 -15.7589 -74.7095 39.0 7.1 57.3750 182.1063
CS07 2018 01 14 09 18 45.5400 -15.7589 -74.7095 39.0 7.1 57.3749 182.2407
CS08 2018 01 14 09 18 45.5400 -15.7589 -74.7095 39.0 7.1 57.4046 182.4175
CS11 2018 01 14 09 18 45.5400 -15.7589 -74.7095 39.0 7.1 57.4263 182.7774
CS12 2018 01 14 09 18 45.5400 -15.7589 -74.7095 39.0 7.1 57.4491 182.9659
CS13 2018 01 14 09 18 45.5400 -15.7589 -74.7095 39.0 7.1 57.4648 183.0929
CS14 2018 01 14 09 18 45.5400 -15.7589 -74.7095 39.0 7.1 57.4571 183.2785
CS15 2018 01 14 09 18 45.5400 -15.7589 -74.7095 39.0 7.1 57.4079 183.4938
