CS01 2018 08 22 09 31 47.500 43.6449 -127.6031 10.0 6.2 39.1069 291.4111
CS03 2018 08 22 09 31 47.500 43.6449 -127.6031 10.0 6.2 39.2451 291.4719
CS05 2018 08 22 09 31 47.500 43.6449 -127.6031 10.0 6.2 39.4492 291.5789
CS06 2018 08 22 09 31 47.500 43.6449 -127.6031 10.0 6.2 39.5334 291.6516
CS07 2018 08 22 09 31 47.500 43.6449 -127.6031 10.0 6.2 39.6160 291.6947
CS08 2018 08 22 09 31 47.500 43.6449 -127.6031 10.0 6.2 39.7142 291.7189
CS09 2018 08 22 09 31 47.500 43.6449 -127.6031 10.0 6.2 39.7987 291.7892
CS12 2018 08 22 09 31 47.500 43.6449 -127.6031 10.0 6.2 40.0365 291.8503
CS14 2018 08 22 09 31 47.500 43.6449 -127.6031 10.0 6.2 40.2267 291.9464
CS15 2018 08 22 09 31 47.500 43.6449 -127.6031 10.0 6.2 40.3771 292.0725
