CS02 2017 07 27 17 53 24.6100 13.3960 -49.3259 10.0 6.0 35.2407 136.6553
CS03 2017 07 27 17 53 24.6100 13.3960 -49.3259 10.0 6.0 35.2050 136.7783
CS04 2017 07 27 17 53 24.6100 13.3960 -49.3259 10.0 6.0 35.0796 137.0125
CS05 2017 07 27 17 53 24.6100 13.3960 -49.3259 10.0 6.0 35.0513 137.1882
CS06 2017 07 27 17 53 24.6100 13.3960 -49.3259 10.0 6.0 34.9742 137.3059
CS07 2017 07 27 17 53 24.6100 13.3960 -49.3259 10.0 6.0 34.9124 137.4731
CS08 2017 07 27 17 53 24.6100 13.3960 -49.3259 10.0 6.0 34.8528 137.7234
CS10 2017 07 27 17 53 24.6100 13.3960 -49.3259 10.0 6.0 34.7158 138.0302
CS12 2017 07 27 17 53 24.6100 13.3960 -49.3259 10.0 6.0 34.6343 138.4555
CS14 2017 07 27 17 53 24.6100 13.3960 -49.3259 10.0 6.0 34.4974 138.8574
