CS01 2017 12 03 11 19 05.2600 -0.4895 -80.3107 16.0 6.2 42.6662 190.1343
CS03 2017 12 03 11 19 05.2600 -0.4895 -80.3107 16.0 6.2 42.6990 190.4292
CS05 2017 12 03 11 19 05.2600 -0.4895 -80.3107 16.0 6.2 42.7303 190.8546
CS06 2017 12 03 11 19 05.2600 -0.4895 -80.3107 16.0 6.2 42.7120 191.0128
CS07 2017 12 03 11 19 05.2600 -0.4895 -80.3107 16.0 6.2 42.7255 191.1849
CS08 2017 12 03 11 19 05.2600 -0.4895 -80.3107 16.0 6.2 42.7726 191.4059
CS09 2017 12 03 11 19 05.2600 -0.4895 -80.3107 16.0 6.2 42.7575 191.5659
CS11 2017 12 03 11 19 05.2600 -0.4895 -80.3107 16.0 6.2 42.8308 191.8623
CS12 2017 12 03 11 19 05.2600 -0.4895 -80.3107 16.0 6.2 42.8727 192.0991
CS13 2017 12 03 11 19 05.2600 -0.4895 -80.3107 16.0 6.2 42.9013 192.2584
CS14 2017 12 03 11 19 05.2600 -0.4895 -80.3107 16.0 6.2 42.9131 192.4969
