CS01 2018 08 22 13 27 48.4900 10.6593 -62.9288 108.0 5.8 32.4817 160.4448
CS03 2018 08 22 13 27 48.4900 10.6593 -62.9288 108.0 5.8 32.4373 160.8068
CS05 2018 08 22 13 27 48.4900 10.6593 -62.9288 108.0 5.8 32.3590 161.3181
CS06 2018 08 22 13 27 48.4900 10.6593 -62.9288 108.0 5.8 32.3025 161.4861
CS07 2018 08 22 13 27 48.4900 10.6593 -62.9288 108.0 5.8 32.2716 161.6942
CS08 2018 08 22 13 27 48.4900 10.6593 -62.9288 108.0 5.8 32.2593 161.9842
CS09 2018 08 22 13 27 48.4900 10.6593 -62.9288 108.0 5.8 32.2053 162.1574
CS12 2018 08 22 13 27 48.4900 10.6593 -62.9288 108.0 5.8 32.1776 162.8603
CS13 2018 08 22 13 27 48.4900 10.6593 -62.9288 108.0 5.8 32.1641 163.0663
CS15 2018 08 22 13 27 48.4900 10.6593 -62.9288 108.0 5.8 32.0208 163.6633
