CS02 2016 08 24 01 36 32.8700 42.7230 " 13.1877" 4.44 6.2 60.9791 57.0614
CS03 2016 08 24 01 36 32.8700 42.7230 " 13.1877" 4.44 6.2 60.9246 57.1006
CS04 2016 08 24 01 36 32.8700 42.7230 " 13.1877" 4.44 6.2 60.8277 57.1659
CS05 2016 08 24 01 36 32.8700 42.7230 " 13.1877" 4.44 6.2 60.7478 57.2250
CS06 2016 08 24 01 36 32.8700 42.7230 " 13.1877" 4.44 6.2 60.7010 57.2550
CS07 2016 08 24 01 36 32.8700 42.7230 " 13.1877" 4.44 6.2 60.6292 57.3052
CS08 2016 08 24 01 36 32.8700 42.7230 " 13.1877" 4.44 6.2 60.5184 57.3855
CS10 2016 08 24 01 36 32.8700 42.7230 " 13.1877" 4.44 6.2 60.3905 57.4722
CS12 2016 08 24 01 36 32.8700 42.7230 " 13.1877" 4.44 6.2 60.2015 57.6106
CS13 2016 08 24 01 36 32.8700 42.7230 " 13.1877" 4.44 6.2 60.1252 57.6651
CS14 2016 08 24 01 36 32.8700 42.7230 " 13.1877" 4.44 6.2 60.0309 57.7293
