CS01 2018 08 24 09 04 06.7800 -11.0424 -70.8169 609.48 7.1 52.7549 176.7318
CS03 2018 08 24 09 04 06.7800 -11.0424 -70.8169 609.48 7.1 52.7526 176.9816
CS05 2018 08 24 09 04 06.7800 -11.0424 -70.8169 609.48 7.1 52.7332 177.3390
CS06 2018 08 24 09 04 06.7800 -11.0424 -70.8169 609.48 7.1 52.6961 177.4658
CS07 2018 08 24 09 04 06.7800 -11.0424 -70.8169 609.48 7.1 52.6890 177.6106
CS08 2018 08 24 09 04 06.7800 -11.0424 -70.8169 609.48 7.1 52.7093 177.8029
CS11 2018 08 24 09 04 06.7800 -11.0424 -70.8169 609.48 7.1 52.7121 178.1923
CS12 2018 08 24 09 04 06.7800 -11.0424 -70.8169 609.48 7.1 52.7251 178.3970
CS13 2018 08 24 09 04 06.7800 -11.0424 -70.8169 609.48 7.1 52.7343 178.5348
CS14 2018 08 24 09 04 06.7800 -11.0424 -70.8169 609.48 7.1 52.7169 178.7347
CS15 2018 08 24 09 04 06.7800 -11.0424 -70.8169 609.48 7.1 52.6567 178.9642
