CS01 2018 08 12 21 15 01.8410 69.5205 -144.3602 1.7 6.0 44.7197 331.8985
CS03 2018 08 12 21 15 01.8410 69.5205 -144.3602 1.7 6.0 44.7854 331.8967
CS05 2018 08 12 21 15 01.8410 69.5205 -144.3602 1.7 6.0 44.8948 331.9029
CS06 2018 08 12 21 15 01.8410 69.5205 -144.3602 1.7 6.0 44.9608 331.9197
CS07 2018 08 12 21 15 01.8410 69.5205 -144.3602 1.7 6.0 45.0050 331.9225
CS08 2018 08 12 21 15 01.8410 69.5205 -144.3602 1.7 6.0 45.0375 331.9124
CS09 2018 08 12 21 15 01.8410 69.5205 -144.3602 1.7 6.0 45.1020 331.9283
CS11 2018 08 12 21 15 01.8410 69.5205 -144.3602 1.7 6.0 45.1383 331.9112
CS12 2018 08 12 21 15 01.8410 69.5205 -144.3602 1.7 6.0 45.1816 331.9058
CS14 2018 08 12 21 15 01.8410 69.5205 -144.3602 1.7 6.0 45.2803 331.9118
CS15 2018 08 12 21 15 01.8410 69.5205 -144.3602 1.7 6.0 45.3964 331.9419
