CS01 2018 08 15 21 56 54.3600 51.4215 -178.0516 20.0 6.6 66.1755 318.6731
CS03 2018 08 15 21 56 54.3600 51.4215 -178.0516 20.0 6.6 66.2705 318.7567
CS05 2018 08 15 21 56 54.3600 51.4215 -178.0516 20.0 6.6 66.4193 318.8817
CS06 2018 08 15 21 56 54.3600 51.4215 -178.0516 20.0 6.6 66.4954 318.9352
CS07 2018 08 15 21 56 54.3600 51.4215 -178.0516 20.0 6.6 66.5554 318.9858
CS08 2018 08 15 21 56 54.3600 51.4215 -178.0516 20.0 6.6 66.6125 319.0445
CS09 2018 08 15 21 56 54.3600 51.4215 -178.0516 20.0 6.6 66.6875 319.0981
CS11 2018 08 15 21 56 54.3600 51.4215 -178.0516 20.0 6.6 66.7578 319.1754
CS12 2018 08 15 21 56 54.3600 51.4215 -178.0516 20.0 6.6 66.8257 319.2412
CS13 2018 08 15 21 56 54.3600 51.4215 -178.0516 20.0 6.6 66.8713 319.2857
CS14 2018 08 15 21 56 54.3600 51.4215 -178.0516 20.0 6.6 66.9610 319.3590
CS15 2018 08 15 21 56 54.3600 51.4215 -178.0516 20.0 6.6 67.0951 319.4547
