CS01 2018 08 17 23 22 24.9000 " 8.7694" -83.1531 15.0 6.1 34.1060 197.2602
CS03 2018 08 17 23 22 24.9000 " 8.7694" -83.1531 15.0 6.1 34.1569 197.6049
CS05 2018 08 17 23 22 24.9000 " 8.7694" -83.1531 15.0 6.1 34.2149 198.1053
CS06 2018 08 17 23 22 24.9000 " 8.7694" -83.1531 15.0 6.1 34.2071 198.2980
CS07 2018 08 17 23 22 24.9000 " 8.7694" -83.1531 15.0 6.1 34.2315 198.5000
CS08 2018 08 17 23 22 24.9000 " 8.7694" -83.1531 15.0 6.1 34.2921 198.7528
CS09 2018 08 17 23 22 24.9000 " 8.7694" -83.1531 15.0 6.1 34.2877 198.9467
CS11 2018 08 17 23 22 24.9000 " 8.7694" -83.1531 15.0 6.1 34.3791 199.2831
CS12 2018 08 17 23 22 24.9000 " 8.7694" -83.1531 15.0 6.1 34.4358 199.5553
CS13 2018 08 17 23 22 24.9000 " 8.7694" -83.1531 15.0 6.1 34.4744 199.7382
CS14 2018 08 17 23 22 24.9000 " 8.7694" -83.1531 15.0 6.1 34.5018 200.0190
CS15 2018 08 17 23 22 24.9000 " 8.7694" -83.1531 15.0 6.1 34.4959 200.3623
