CS01 2018 07 19 13 31 53.8800 17.9479 -97.7364 49.75 5.8 31.6118 228.2754
CS03 2018 07 19 13 31 53.8800 17.9479 -97.7364 49.75 5.8 31.7285 228.5655
CS05 2018 07 19 13 31 53.8800 17.9479 -97.7364 49.75 5.8 31.8853 228.9994
CS06 2018 07 19 13 31 53.8800 17.9479 -97.7364 49.75 5.8 31.9217 229.1907
CS07 2018 07 19 13 31 53.8800 17.9479 -97.7364 49.75 5.8 31.9858 229.3648
CS08 2018 07 19 13 31 53.8800 17.9479 -97.7364 49.75 5.8 32.0899 229.5582
CS09 2018 07 19 13 31 53.8800 17.9479 -97.7364 49.75 5.8 32.1294 229.7474
CS11 2018 07 19 13 31 53.8800 17.9479 -97.7364 49.75 5.8 32.2764 229.9964
CS12 2018 07 19 13 31 53.8800 17.9479 -97.7364 49.75 5.8 32.3816 230.2117
CS14 2018 07 19 13 31 53.8800 17.9479 -97.7364 49.75 5.8 32.5367 230.6025
CS15 2018 07 19 13 31 53.8800 17.9479 -97.7364 49.75 5.8 32.6080 230.9344
