CS02 2016 09 10 10 08 20.200 -5.5730 -76.9536 121.0 6.1 47.3779 184.8895
CS03 2016 09 10 10 08 20.200 -5.5730 -76.9536 121.0 6.1 47.3906 184.9978
CS04 2016 09 10 10 08 20.200 -5.5730 -76.9536 121.0 6.1 47.3636 185.2567
CS05 2016 09 10 10 08 20.200 -5.5730 -76.9536 121.0 6.1 47.4015 185.3900
CS06 2016 09 10 10 08 20.200 -5.5730 -76.9536 121.0 6.1 47.3754 185.5329
CS07 2016 09 10 10 08 20.200 -5.5730 -76.9536 121.0 6.1 47.3805 185.6917
CS08 2016 09 10 10 08 20.200 -5.5730 -76.9536 121.0 6.1 47.4170 185.8987
CS10 2016 09 10 10 08 20.200 -5.5730 -76.9536 121.0 6.1 47.4051 186.2111
CS12 2016 09 10 10 08 20.200 -5.5730 -76.9536 121.0 6.1 47.4834 186.5437
CS13 2016 09 10 10 08 20.200 -5.5730 -76.9536 121.0 6.1 47.5043 186.6926
CS14 2016 09 10 10 08 20.200 -5.5730 -76.9536 121.0 6.1 47.5042 186.9122
