CS01 2017 11 12 18 18 17.2900 34.9052 " 45.9563" 19.0 7.3 85.3501 45.7484
CS03 2017 11 12 18 18 17.2900 34.9052 " 45.9563" 19.0 7.3 85.2378 45.8753
CS05 2017 11 12 18 18 17.2900 34.9052 " 45.9563" 19.0 7.3 85.0885 46.0557
CS06 2017 11 12 18 18 17.2900 34.9052 " 45.9563" 19.0 7.3 85.0562 46.1182
CS07 2017 11 12 18 18 17.2900 34.9052 " 45.9563" 19.0 7.3 84.9954 46.1910
CS08 2017 11 12 18 18 17.2900 34.9052 " 45.9563" 19.0 7.3 84.8946 46.2892
CS09 2017 11 12 18 18 17.2900 34.9052 " 45.9563" 19.0 7.3 84.8595 46.3525
CS11 2017 11 12 18 18 17.2900 34.9052 " 45.9563" 19.0 7.3 84.7169 46.4856
CS12 2017 11 12 18 18 17.2900 34.9052 " 45.9563" 19.0 7.3 84.6160 46.5894
CS13 2017 11 12 18 18 17.2900 34.9052 " 45.9563" 19.0 7.3 84.5478 46.6593
CS14 2017 11 12 18 18 17.2900 34.9052 " 45.9563" 19.0 7.3 84.4699 46.7586
