CS01 2018 01 23 09 31 42.9400 56.0464 -149.0728 25.0 7.9 48.9574 314.0627
CS03 2018 01 23 09 31 42.9400 56.0464 -149.0728 25.0 7.9 49.0616 314.1031
CS05 2018 01 23 09 31 42.9400 56.0464 -149.0728 25.0 7.9 49.2226 314.1721
CS06 2018 01 23 09 31 42.9400 56.0464 -149.0728 25.0 7.9 49.3015 314.2158
CS07 2018 01 23 09 31 42.9400 56.0464 -149.0728 25.0 7.9 49.3666 314.2438
CS08 2018 01 23 09 31 42.9400 56.0464 -149.0728 25.0 7.9 49.4320 314.2630
CS11 2018 01 23 09 31 42.9400 56.0464 -149.0728 25.0 7.9 49.5923 314.3268
CS12 2018 01 23 09 31 42.9400 56.0464 -149.0728 25.0 7.9 49.6689 314.3540
CS13 2018 01 23 09 31 42.9400 56.0464 -149.0728 25.0 7.9 49.7203 314.3724
CS14 2018 01 23 09 31 42.9400 56.0464 -149.0728 25.0 7.9 49.8167 314.4180
