CS01 2019 03 31 07 04 04.8000 -1.9440 -80.8089 18.0 6.2 44.1646 190.5712
CS03 2019 03 31 07 04 04.8000 -1.9440 -80.8089 18.0 6.2 44.1985 190.8577
CS06 2019 03 31 07 04 04.8000 -1.9440 -80.8089 18.0 6.2 44.2137 191.4248
CS07 2019 03 31 07 04 04.8000 -1.9440 -80.8089 18.0 6.2 44.2278 191.5920
CS08 2019 03 31 07 04 04.8000 -1.9440 -80.8089 18.0 6.2 44.2757 191.8066
CS09 2019 03 31 07 04 04.8000 -1.9440 -80.8089 18.0 6.2 44.2612 191.9621
CS10 2019 03 31 07 04 04.8000 -1.9440 -80.8089 18.0 6.2 44.2817 192.1378
CS11 2019 03 31 07 04 04.8000 -1.9440 -80.8089 18.0 6.2 44.3355 192.2500
CS14 2019 03 31 07 04 04.8000 -1.9440 -80.8089 18.0 6.2 44.4199 192.8665
CS15 2019 03 31 07 04 04.8000 -1.9440 -80.8089 18.0 6.2 44.3951 193.1425
