CS01 2019 02 22 10 17 22.4100 -2.1990 -77.0231 132.36 7.5 44.0316 185.1219
CS03 2019 02 22 10 17 22.4100 -2.1990 -77.0231 132.36 7.5 44.0514 185.4118
CS06 2019 02 22 10 17 22.4100 -2.1990 -77.0231 132.36 7.5 44.0384 185.9807
CS07 2019 02 22 10 17 22.4100 -2.1990 -77.0231 132.36 7.5 44.0443 186.1494
CS08 2019 02 22 10 17 22.4100 -2.1990 -77.0231 132.36 7.5 44.0817 186.3690
CS09 2019 02 22 10 17 22.4100 -2.1990 -77.0231 132.36 7.5 44.0593 186.5233
CS10 2019 02 22 10 17 22.4100 -2.1990 -77.0231 132.36 7.5 44.0712 186.7012
CS11 2019 02 22 10 17 22.4100 -2.1990 -77.0231 132.36 7.5 44.1196 186.8188
CS13 2019 02 22 10 17 22.4100 -2.1990 -77.0231 132.36 7.5 44.1727 187.2113
CS14 2019 02 22 10 17 22.4100 -2.1990 -77.0231 132.36 7.5 44.1737 187.4447
CS15 2019 02 22 10 17 22.4100 -2.1990 -77.0231 132.36 7.5 44.1351 187.7190
