CS01 2019 03 01 08 50 42.6200 -14.7016 -70.1350 267.0 7.0 56.4189 176.1289
CS03 2019 03 01 08 50 42.6200 -14.7016 -70.1350 267.0 7.0 56.4150 176.3641
CS06 2019 03 01 08 50 42.6200 -14.7016 -70.1350 267.0 7.0 56.3554 176.8198
CS07 2019 03 01 08 50 42.6200 -14.7016 -70.1350 267.0 7.0 56.3472 176.9561
CS08 2019 03 01 08 50 42.6200 -14.7016 -70.1350 267.0 7.0 56.3662 177.1373
CS09 2019 03 01 08 50 42.6200 -14.7016 -70.1350 267.0 7.0 56.3311 177.2586
CS10 2019 03 01 08 50 42.6200 -14.7016 -70.1350 267.0 7.0 56.3280 177.4032
CS11 2019 03 01 08 50 42.6200 -14.7016 -70.1350 267.0 7.0 56.3663 177.5041
CS13 2019 03 01 08 50 42.6200 -14.7016 -70.1350 267.0 7.0 56.3859 177.8268
CS14 2019 03 01 08 50 42.6200 -14.7016 -70.1350 267.0 7.0 56.3671 178.0149
CS15 2019 03 01 08 50 42.6200 -14.7016 -70.1350 267.0 7.0 56.3051 178.2307
