CS02 2017 10 03 20 39 04.7400 13.4587 -49.3322 10.0 5.7 35.1845 136.6075
CS04 2017 10 03 20 39 04.7400 13.4587 -49.3322 10.0 5.7 35.0233 136.9649
CS07 2017 10 03 20 39 04.7400 13.4587 -49.3322 10.0 5.7 34.8559 137.4258
CS08 2017 10 03 20 39 04.7400 13.4587 -49.3322 10.0 5.7 34.7963 137.6763
CS09 2017 10 03 20 39 04.7400 13.4587 -49.3322 10.0 5.7 34.7204 137.7998
CS10 2017 10 03 20 39 04.7400 13.4587 -49.3322 10.0 5.7 34.6591 137.9833
CS11 2017 10 03 20 39 04.7400 13.4587 -49.3322 10.0 5.7 34.6471 138.1491
CS12 2017 10 03 20 39 04.7400 13.4587 -49.3322 10.0 5.7 34.5775 138.4090
CS13 2017 10 03 20 39 04.7400 13.4587 -49.3322 10.0 5.7 34.5310 138.5848
CS14 2017 10 03 20 39 04.7400 13.4587 -49.3322 10.0 5.7 34.4404 138.8113
