CS01 2018 12 20 17 01 55.1500 55.0999 164.6993 16.56 7.3 71.2357 329.0815
CS03 2018 12 20 17 01 55.1500 55.0999 164.6993 16.56 7.3 71.3080 329.1717
CS06 2018 12 20 17 01 55.1500 55.0999 164.6993 16.56 7.3 71.4942 329.3569
CS07 2018 12 20 17 01 55.1500 55.0999 164.6993 16.56 7.3 71.5417 329.4106
CS08 2018 12 20 17 01 55.1500 55.0999 164.6993 16.56 7.3 71.5791 329.4767
CS09 2018 12 20 17 01 55.1500 55.0999 164.6993 16.56 7.3 71.6458 329.5297
CS10 2018 12 20 17 01 55.1500 55.0999 164.6993 16.56 7.3 71.6918 329.5860
CS11 2018 12 20 17 01 55.1500 55.0999 164.6993 16.56 7.3 71.6885 329.6180
CS13 2018 12 20 17 01 55.1500 55.0999 164.6993 16.56 7.3 71.7685 329.7395
CS14 2018 12 20 17 01 55.1500 55.0999 164.6993 16.56 7.3 71.8417 329.8158
