CS01 2018 08 21 21 31 47.5400 10.7791 -62.9070 146.18 7.3 32.3720 160.3497
CS03 2018 08 21 21 31 47.5400 10.7791 -62.9070 146.18 7.3 32.3274 160.7125
CS05 2018 08 21 21 31 47.5400 10.7791 -62.9070 146.18 7.3 32.2487 161.2249
CS06 2018 08 21 21 31 47.5400 10.7791 -62.9070 146.18 7.3 32.1921 161.3932
CS07 2018 08 21 21 31 47.5400 10.7791 -62.9070 146.18 7.3 32.1611 161.6018
CS08 2018 08 21 21 31 47.5400 10.7791 -62.9070 146.18 7.3 32.1486 161.8926
CS09 2018 08 21 21 31 47.5400 10.7791 -62.9070 146.18 7.3 32.0946 162.0661
CS11 2018 08 21 21 31 47.5400 10.7791 -62.9070 146.18 7.3 32.0873 162.4646
CS12 2018 08 21 21 31 47.5400 10.7791 -62.9070 146.18 7.3 32.0663 162.7709
CS13 2018 08 21 21 31 47.5400 10.7791 -62.9070 146.18 7.3 32.0528 162.9774
CS14 2018 08 21 21 31 47.5400 10.7791 -62.9070 146.18 7.3 32.0039 163.2637
CS15 2018 08 21 21 31 47.5400 10.7791 -62.9070 146.18 7.3 31.9091 163.5757
