CS01 2017 09 19 18 14 38.4300 18.5678 -98.4808 51.0 7.1 31.5352 230.0613
CS02 2017 09 19 18 14 38.4300 18.5678 -98.4808 51.0 7.1 31.6039 230.2392
CS03 2017 09 19 18 14 38.4300 18.5678 -98.4808 51.0 7.1 31.6549 230.3460
CS04 2017 09 19 18 14 38.4300 18.5678 -98.4808 51.0 7.1 31.7384 230.6673
CS06 2017 09 19 18 14 38.4300 18.5678 -98.4808 51.0 7.1 31.8549 230.9623
CS07 2017 09 19 18 14 38.4300 18.5678 -98.4808 51.0 7.1 31.9208 231.1334
CS08 2017 09 19 18 14 38.4300 18.5678 -98.4808 51.0 7.1 32.0266 231.3219
CS09 2017 09 19 18 14 38.4300 18.5678 -98.4808 51.0 7.1 32.0684 231.5094
CS10 2017 09 19 18 14 38.4300 18.5678 -98.4808 51.0 7.1 32.1417 231.6826
CS11 2017 09 19 18 14 38.4300 18.5678 -98.4808 51.0 7.1 32.2174 231.7513
CS12 2017 09 19 18 14 38.4300 18.5678 -98.4808 51.0 7.1 32.3246 231.9617
CS14 2017 09 19 18 14 38.4300 18.5678 -98.4808 51.0 7.1 32.4836 232.3454
CS15 2017 09 19 18 14 38.4300 18.5678 -98.4808 51.0 7.1 32.5590 232.6743
