CS01 2017 10 08 22 34 33.9600 52.4496 176.8078 111.84 6.6 67.9732 321.7240
CS02 2017 10 08 22 34 33.9600 52.4496 176.8078 111.84 6.6 68.0305 321.7769
CS03 2017 10 08 22 34 33.9600 52.4496 176.8078 111.84 6.6 68.0618 321.8099
CS04 2017 10 08 22 34 33.9600 52.4496 176.8078 111.84 6.6 68.1802 321.9016
CS06 2017 10 08 22 34 33.9600 52.4496 176.8078 111.84 6.6 68.2761 321.9907
CS07 2017 10 08 22 34 33.9600 52.4496 176.8078 111.84 6.6 68.3326 322.0425
CS08 2017 10 08 22 34 33.9600 52.4496 176.8078 111.84 6.6 68.3840 322.1038
CS09 2017 10 08 22 34 33.9600 52.4496 176.8078 111.84 6.6 68.4569 322.1571
CS10 2017 10 08 22 34 33.9600 52.4496 176.8078 111.84 6.6 68.5128 322.2109
CS11 2017 10 08 22 34 33.9600 52.4496 176.8078 111.84 6.6 68.5193 322.2383
CS12 2017 10 08 22 34 33.9600 52.4496 176.8078 111.84 6.6 68.5816 322.3065
CS14 2017 10 08 22 34 33.9600 52.4496 176.8078 111.84 6.6 68.7085 322.4269
CS15 2017 10 08 22 34 33.9600 52.4496 176.8078 111.84 6.6 68.8387 322.5223
