CS01 2018 08 12 14 58 54.2860 69.5619 -145.2998 2.2 6.3 45.0483 331.9649
CS03 2018 08 12 14 58 54.2860 69.5619 -145.2998 2.2 6.3 45.1139 331.9646
CS05 2018 08 12 14 58 54.2860 69.5619 -145.2998 2.2 6.3 45.2231 331.9728
CS06 2018 08 12 14 58 54.2860 69.5619 -145.2998 2.2 6.3 45.2891 331.9901
CS07 2018 08 12 14 58 54.2860 69.5619 -145.2998 2.2 6.3 45.3332 331.9937
CS08 2018 08 12 14 58 54.2860 69.5619 -145.2998 2.2 6.3 45.3654 331.9848
CS09 2018 08 12 14 58 54.2860 69.5619 -145.2998 2.2 6.3 45.4299 332.0013
CS11 2018 08 12 14 58 54.2860 69.5619 -145.2998 2.2 6.3 45.4660 331.9859
CS12 2018 08 12 14 58 54.2860 69.5619 -145.2998 2.2 6.3 45.5092 331.9818
CS13 2018 08 12 14 58 54.2860 69.5619 -145.2998 2.2 6.3 45.5381 331.9791
CS14 2018 08 12 14 58 54.2860 69.5619 -145.2998 2.2 6.3 45.6076 331.9896
CS15 2018 08 12 14 58 54.2860 69.5619 -145.2998 2.2 6.3 45.7236 332.0207
